Accuracy: 0.466443
Precision: 0.742265
Recall: 0.466443
F1 score: 0.473706
MSE: 5.253455
MAE: 1.609438
8620/8620 [==============================] - 4s 414us/sample - loss: 0.7871 - acc: 0.6614 - val_loss: 30.5784 - val_acc: 0.5301