Accuracy: 0.563212
Precision: 0.773891
Recall: 0.563212
F1 score: 0.548393
MSE: 12.231629
MAE: 2.272697