Accuracy: 0.610485
Precision: 0.873706
Recall: 0.610485
F1 score: 0.666532
MSE: 4.959381
MAE: 1.442075
12815/12815 [==============================] - 5s 398us/sample - loss: 1.2003 - acc: 0.6550 - val_loss: 33.1430 - val_acc: 0.5428